"rid", "binaryID"
0,1
1,10
2,11
3,110
6,111
9,1110
14,1111
10,11100
809,11101
7,111000
8,111001
11,111010
16,111011
4,1110010
5,1110011
15,1110100
808,1110101
17,11101010
21,11101011
23,111010100
31,111010101
28,111010110
74,111010111
29,1110101000
32,1110101001
84,1110101110
121,1110101111
35,11101010010
39,11101010011
83,11101011100
807,11101011101
55,111010100100
68,111010100101
33,111010111000
34,111010111001
82,111010111010
95,111010111011
69,1110101001010
75,1110101001011
99,1110101110110
125,1110101110111
56,11101010010100
65,11101010010101
87,11101010010110
91,11101010010111
98,11101011101100
102,11101011101101
126,11101011101110
130,11101011101111
40,111010100101010
41,111010100101011
78,111010100101100
92,111010100101101
108,111010100101110
111,111010100101111
131,111010111011110
144,111010111011111
12,1110101001010110
13,1110101001010111
70,1110101001011000
71,1110101001011001
93,1110101001011010
103,1110101001011011
154,1110101110111110
156,1110101110111111
66,11101010010110010
85,11101010010110011
176,11101011101111110
192,11101011101111111
24,111010100101100100
25,111010100101100101
86,111010100101100110
88,111010100101100111
191,111010111011111110
200,111010111011111111
18,1110101001011001010
22,1110101001011001011
201,1110101110111111110
204,1110101110111111111
30,11101010010110010110
36,11101010010110010111
193,11101011101111111100
194,11101011101111111101
207,11101011101111111110
210,11101011101111111111
37,111010100101100101110
49,111010100101100101111
190,111010111011111111010
202,111010111011111111011
215,111010111011111111110
266,111010111011111111111
50,1110101001011001011110
57,1110101001011001011111
187,1110101110111111110100
198,1110101110111111110101
216,1110101110111111110110
227,1110101110111111110111
265,1110101110111111111110
281,1110101110111111111111
157,11101011101111111101000
158,11101011101111111101001
199,11101011101111111101010
205,11101011101111111101011
221,11101011101111111101100
222,11101011101111111101101
159,111010111011111111010110
177,111010111011111111010111
228,111010111011111111011000
243,111010111011111111011001
139,1110101110111111110101100
806,1110101110111111110101101
229,1110101110111111110110000
244,1110101110111111110110001
248,1110101110111111110110010
270,1110101110111111110110011
140,11101011101111111101011010
166,11101011101111111101011011
279,11101011101111111101100110
290,11101011101111111101100111
128,111010111011111111010110100
129,111010111011111111010110101
267,111010111011111111011001100
268,111010111011111111011001101
304,111010111011111111011001110
310,111010111011111111011001111
123,1110101110111111110101101000
124,1110101110111111110101101001
262,1110101110111111110110011000
286,1110101110111111110110011001
298,1110101110111111110110011100
305,1110101110111111110110011101
115,11101011101111111101011010010
127,11101011101111111101011010011
257,11101011101111111101100110000
258,11101011101111111101100110001
299,11101011101111111101100111000
328,11101011101111111101100111001
306,11101011101111111101100111010
321,11101011101111111101100111011
236,111010111011111111011001100000
239,111010111011111111011001100001
300,111010111011111111011001110000
322,111010111011111111011001110001
343,111010111011111111011001110110
354,111010111011111111011001110111
217,1110101110111111110110011000000
223,1110101110111111110110011000001
344,1110101110111111110110011101100
364,1110101110111111110110011101101
355,1110101110111111110110011101110
374,1110101110111111110110011101111
206,11101011101111111101100110000000
211,11101011101111111101100110000001
372,11101011101111111101100111011010
373,11101011101111111101100111011011
346,11101011101111111101100111011100
359,11101011101111111101100111011101
195,111010111011111111011001100000000
196,111010111011111111011001100000001
377,111010111011111111011001110110100
406,111010111011111111011001110110101
332,111010111011111111011001110111000
367,111010111011111111011001110111001
188,1110101110111111110110011000000010
189,1110101110111111110110011000000011
381,1110101110111111110110011101101000
385,1110101110111111110110011101101001
407,1110101110111111110110011101101010
415,1110101110111111110110011101101011
308,1110101110111111110110011101110000
329,1110101110111111110110011101110001
185,11101011101111111101100110000000110
186,11101011101111111101100110000000111
393,11101011101111111101100111011010010
400,11101011101111111101100111011010011
416,11101011101111111101100111011010110
429,11101011101111111101100111011010111
301,11101011101111111101100111011100000
302,11101011101111111101100111011100001
169,111010111011111111011001100000001100
170,111010111011111111011001100000001101
382,111010111011111111011001110110100100
390,111010111011111111011001110110100101
427,111010111011111111011001110110100110
438,111010111011111111011001110110100111
417,111010111011111111011001110110101100
426,111010111011111111011001110110101101
430,111010111011111111011001110110101110
432,111010111011111111011001110110101111
271,111010111011111111011001110111000000
272,111010111011111111011001110111000001
273,111010111011111111011001110111000010
291,111010111011111111011001110111000011
134,1110101110111111110110011000000011000
135,1110101110111111110110011000000011001
167,1110101110111111110110011000000011010
183,1110101110111111110110011000000011011
352,1110101110111111110110011101101001000
353,1110101110111111110110011101101001001
389,1110101110111111110110011101101001010
467,1110101110111111110110011101101001011
431,1110101110111111110110011101101001100
448,1110101110111111110110011101101001101
441,1110101110111111110110011101101011110
517,1110101110111111110110011101101011111
218,1110101110111111110110011101110000010
219,1110101110111111110110011101110000011
261,1110101110111111110110011101110000100
263,1110101110111111110110011101110000101
118,11101011101111111101100110000000110000
119,11101011101111111101100110000000110001
136,11101011101111111101100110000000110100
145,11101011101111111101100110000000110101
174,11101011101111111101100110000000110110
184,11101011101111111101100110000000110111
319,11101011101111111101100111011010010010
320,11101011101111111101100111011010010011
464,11101011101111111101100111011010111100
805,11101011101111111101100111011010111101
527,11101011101111111101100111011010111110
562,11101011101111111101100111011010111111
100,111010111011111111011001100000001101000
104,111010111011111111011001100000001101001
146,111010111011111111011001100000001101010
147,111010111011111111011001100000001101011
152,111010111011111111011001100000001101100
171,111010111011111111011001100000001101101
307,111010111011111111011001110110100100100
331,111010111011111111011001110110100100101
442,111010111011111111011001110110101111010
450,111010111011111111011001110110101111011
526,111010111011111111011001110110101111100
547,111010111011111111011001110110101111101
89,1110101110111111110110011000000011010000
90,1110101110111111110110011000000011010001
116,1110101110111111110110011000000011010100
117,1110101110111111110110011000000011010101
172,1110101110111111110110011000000011011010
178,1110101110111111110110011000000011011011
296,1110101110111111110110011101101001001000
297,1110101110111111110110011101101001001001
451,1110101110111111110110011101101011110110
458,1110101110111111110110011101101011110111
574,1110101110111111110110011101101011111010
580,1110101110111111110110011101101011111011
114,11101011101111111101100110000000110101010
120,11101011101111111101100110000000110101011
155,11101011101111111101100110000000110110100
160,11101011101111111101100110000000110110101
179,11101011101111111101100110000000110110110
197,11101011101111111101100110000000110110111
459,11101011101111111101100111011010111101110
488,11101011101111111101100111011010111101111
576,11101011101111111101100111011010111110100
587,11101011101111111101100111011010111110101
76,111010111011111111011001100000001101010100
77,111010111011111111011001100000001101010101
112,111010111011111111011001100000001101010110
122,111010111011111111011001100000001101010111
168,111010111011111111011001100000001101101100
180,111010111011111111011001100000001101101101
443,111010111011111111011001110110101111011100
444,111010111011111111011001110110101111011101
489,111010111011111111011001110110101111011110
494,111010111011111111011001110110101111011111
590,111010111011111111011001110110101111101010
617,111010111011111111011001110110101111101011
105,1110101110111111110110011000000011010101100
106,1110101110111111110110011000000011010101101
163,1110101110111111110110011000000011011011000
803,1110101110111111110110011000000011011011001
401,1110101110111111110110011101101011110111010
402,1110101110111111110110011101101011110111011
501,1110101110111111110110011101101011110111110
507,1110101110111111110110011101101011110111111
591,1110101110111111110110011101101011111010100
622,1110101110111111110110011101101011111010101
79,11101011101111111101100110000000110101011000
80,11101011101111111101100110000000110101011001
161,11101011101111111101100110000000110110110010
162,11101011101111111101100110000000110110110011
386,11101011101111111101100111011010111101110100
387,11101011101111111101100111011010111101110101
394,11101011101111111101100111011010111101110110
421,11101011101111111101100111011010111101110111
511,11101011101111111101100111011010111101111100
577,11101011101111111101100111011010111101111101
518,11101011101111111101100111011010111101111110
557,11101011101111111101100111011010111101111111
628,11101011101111111101100111011010111110101010
638,11101011101111111101100111011010111110101011
72,111010111011111111011001100000001101010110010
73,111010111011111111011001100000001101010110011
153,111010111011111111011001100000001101101100110
164,111010111011111111011001100000001101101100111
384,111010111011111111011001110110101111011101100
391,111010111011111111011001110110101111011101101
512,111010111011111111011001110110101111011111000
528,111010111011111111011001110110101111011111001
583,111010111011111111011001110110101111011111010
584,111010111011111111011001110110101111011111011
581,111010111011111111011001110110101111011111110
801,111010111011111111011001110110101111011111111
632,111010111011111111011001110110101111101010100
660,111010111011111111011001110110101111101010101
58,1110101110111111110110011000000011010101100110
804,1110101110111111110110011000000011010101100111
148,1110101110111111110110011000000011011011001100
181,1110101110111111110110011000000011011011001101
348,1110101110111111110110011101101011110111011000
349,1110101110111111110110011101101011110111011001
392,1110101110111111110110011101101011110111011010
418,1110101110111111110110011101101011110111011011
476,1110101110111111110110011101101011110111110000
477,1110101110111111110110011101101011110111110001
529,1110101110111111110110011101101011110111110010
542,1110101110111111110110011101101011110111110011
588,1110101110111111110110011101101011110111110110
600,1110101110111111110110011101101011110111110111
556,1110101110111111110110011101101011110111111110
565,1110101110111111110110011101101011110111111111
633,1110101110111111110110011101101011111010101000
644,1110101110111111110110011101101011111010101001
668,1110101110111111110110011101101011111010101010
684,1110101110111111110110011101101011111010101011
59,11101011101111111101100110000000110101011001110
60,11101011101111111101100110000000110101011001111
141,11101011101111111101100110000000110110110011000
142,11101011101111111101100110000000110110110011001
347,11101011101111111101100111011010111101110110000
356,11101011101111111101100111011010111101110110001
408,11101011101111111101100111011010111101110110110
409,11101011101111111101100111011010111101110110111
543,11101011101111111101100111011010111101111100110
558,11101011101111111101100111011010111101111100111
645,11101011101111111101100111011010111110101010010
653,11101011101111111101100111011010111110101010011
680,11101011101111111101100111011010111110101010100
685,11101011101111111101100111011010111110101010101
51,111010111011111111011001100000001101010110011110
67,111010111011111111011001100000001101010110011111
143,111010111011111111011001100000001101101100110010
165,111010111011111111011001100000001101101100110011
311,111010111011111111011001110110101111011101100000
323,111010111011111111011001110110101111011101100001
368,111010111011111111011001110110101111011101101110
369,111010111011111111011001110110101111011101101111
538,111010111011111111011001110110101111011111001100
539,111010111011111111011001110110101111011111001101
563,111010111011111111011001110110101111011111001110
569,111010111011111111011001110110101111011111001111
661,111010111011111111011001110110101111101010100110
662,111010111011111111011001110110101111101010100111
52,1110101110111111110110011000000011010101100111100
61,1110101110111111110110011000000011010101100111101
132,1110101110111111110110011000000011011011001100100
133,1110101110111111110110011000000011011011001100101
173,1110101110111111110110011000000011011011001100110
182,1110101110111111110110011000000011011011001100111
287,1110101110111111110110011101101011110111011000000
288,1110101110111111110110011101101011110111011000001
324,1110101110111111110110011101101011110111011000010
330,1110101110111111110110011101101011110111011000011
535,1110101110111111110110011101101011110111110011010
559,1110101110111111110110011101101011110111110011011
611,1110101110111111110110011101101011110111110011100
658,1110101110111111110110011101101011110111110011101
656,1110101110111111110110011101101011111010101001100
663,1110101110111111110110011101101011111010101001101
666,1110101110111111110110011101101011111010101001110
694,1110101110111111110110011101101011111010101001111
26,11101011101111111101100110000000110101011001111000
27,11101011101111111101100110000000110101011001111001
62,11101011101111111101100110000000110101011001111010
81,11101011101111111101100110000000110101011001111011
137,11101011101111111101100110000000110110110011001010
175,11101011101111111101100110000000110110110011001011
245,11101011101111111101100111011010111101110110000010
246,11101011101111111101100111011010111101110110000011
292,11101011101111111101100111011010111101110110000100
312,11101011101111111101100111011010111101110110000101
513,11101011101111111101100111011010111101111100110100
514,11101011101111111101100111011010111101111100110101
629,11101011101111111101100111011010111101111100111000
637,11101011101111111101100111011010111101111100111001
640,11101011101111111101100111011010111101111100111010
641,11101011101111111101100111011010111101111100111011
697,11101011101111111101100111011010111110101010011110
702,11101011101111111101100111011010111110101010011111
19,111010111011111111011001100000001101010110011110000
20,111010111011111111011001100000001101010110011110001
63,111010111011111111011001100000001101010110011110100
110,111010111011111111011001100000001101010110011110101
96,111010111011111111011001100000001101010110011110110
107,111010111011111111011001100000001101010110011110111
138,111010111011111111011001100000001101101100110010100
149,111010111011111111011001100000001101101100110010101
212,111010111011111111011001110110101111011101100000110
214,111010111011111111011001110110101111011101100000111
284,111010111011111111011001110110101111011101100001000
802,111010111011111111011001110110101111011101100001001
313,111010111011111111011001110110101111011101100001010
336,111010111011111111011001110110101111011101100001011
478,111010111011111111011001110110101111011111001101000
479,111010111011111111011001110110101111011111001101001
502,111010111011111111011001110110101111011111001101010
530,111010111011111111011001110110101111011111001101011
634,111010111011111111011001110110101111011111001110000
646,111010111011111111011001110110101111011111001110001
639,111010111011111111011001110110101111011111001110010
657,111010111011111111011001110110101111011111001110011
642,111010111011111111011001110110101111011111001110110
648,111010111011111111011001110110101111011111001110111
703,111010111011111111011001110110101111101010100111110
721,111010111011111111011001110110101111101010100111111
53,1110101110111111110110011000000011010101100111101000
101,1110101110111111110110011000000011010101100111101001
150,1110101110111111110110011000000011011011001100101010
151,1110101110111111110110011000000011011011001100101011
282,1110101110111111110110011101101011110111011000010010
283,1110101110111111110110011101101011110111011000010011
452,1110101110111111110110011101101011110111110011010010
453,1110101110111111110110011101101011110111110011010011
473,1110101110111111110110011101101011110111110011010100
490,1110101110111111110110011101101011110111110011010101
675,1110101110111111110110011101101011110111110011100110
682,1110101110111111110110011101101011110111110011100111
623,1110101110111111110110011101101011110111110011101100
624,1110101110111111110110011101101011110111110011101101
649,1110101110111111110110011101101011110111110011101110
667,1110101110111111110110011101101011110111110011101111
693,1110101110111111110110011101101011111010101001111100
695,1110101110111111110110011101101011111010101001111101
722,1110101110111111110110011101101011111010101001111110
730,1110101110111111110110011101101011111010101001111111
42,11101011101111111101100110000000110101011001111010000
64,11101011101111111101100110000000110101011001111010001
468,11101011101111111101100111011010111101111100110101000
474,11101011101111111101100111011010111101111100110101001
495,11101011101111111101100111011010111101111100110101010
504,11101011101111111101100111011010111101111100110101011
678,11101011101111111101100111011010111101111100111001100
681,11101011101111111101100111011010111101111100111001101
692,11101011101111111101100111011010111101111100111001110
704,11101011101111111101100111011010111101111100111001111
612,11101011101111111101100111011010111101111100111011010
613,11101011101111111101100111011010111101111100111011011
669,11101011101111111101100111011010111101111100111011110
670,11101011101111111101100111011010111101111100111011111
733,11101011101111111101100111011010111110101010011111110
742,11101011101111111101100111011010111110101010011111111
38,111010111011111111011001100000001101010110011110100000
43,111010111011111111011001100000001101010110011110100001
454,111010111011111111011001110110101111011111001101010000
460,111010111011111111011001110110101111011111001101010001
505,111010111011111111011001110110101111011111001101010110
531,111010111011111111011001110110101111011111001101010111
683,111010111011111111011001110110101111011111001110011010
698,111010111011111111011001110110101111011111001110011011
671,111010111011111111011001110110101111011111001110111110
686,111010111011111111011001110110101111011111001110111111
44,1110101110111111110110011000000011010101100111101000010
45,1110101110111111110110011000000011010101100111101000011
422,1110101110111111110110011101101011110111110011010100000
423,1110101110111111110110011101101011110111110011010100001
540,1110101110111111110110011101101011110111110011010101110
564,1110101110111111110110011101101011110111110011010101111
689,1110101110111111110110011101101011110111110011100110100
705,1110101110111111110110011101101011110111110011100110101
699,1110101110111111110110011101101011110111110011100110110
800,1110101110111111110110011101101011110111110011100110111
643,1110101110111111110110011101101011110111110011101111100
650,1110101110111111110110011101101011110111110011101111101
46,11101011101111111101100110000000110101011001111010000110
47,11101011101111111101100110000000110101011001111010000111
395,11101011101111111101100111011010111101111100110101000000
396,11101011101111111101100111011010111101111100110101000001
419,11101011101111111101100111011010111101111100110101000010
428,11101011101111111101100111011010111101111100110101000011
709,11101011101111111101100111011010111101111100111001101110
715,11101011101111111101100111011010111101111100111001101111
635,11101011101111111101100111011010111101111100111011111000
636,11101011101111111101100111011010111101111100111011111001
48,111010111011111111011001100000001101010110011110100001110
54,111010111011111111011001100000001101010110011110100001111
345,111010111011111111011001110110101111011111001101010000000
357,111010111011111111011001110110101111011111001101010000001
434,111010111011111111011001110110101111011111001101010000110
461,111010111011111111011001110110101111011111001101010000111
711,111010111011111111011001110110101111011111001110011011100
719,111010111011111111011001110110101111011111001110011011101
716,111010111011111111011001110110101111011111001110011011110
718,111010111011111111011001110110101111011111001110011011111
608,111010111011111111011001110110101111011111001110111110010
609,111010111011111111011001110110101111011111001110111110011
94,1110101110111111110110011000000011010101100111101000011110
97,1110101110111111110110011000000011010101100111101000011111
316,1110101110111111110110011101101011110111110011010100000000
317,1110101110111111110110011101101011110111110011010100000001
358,1110101110111111110110011101101011110111110011010100000010
365,1110101110111111110110011101101011110111110011010100000011
435,1110101110111111110110011101101011110111110011010100001100
449,1110101110111111110110011101101011110111110011010100001101
717,1110101110111111110110011101101011110111110011100110111000
724,1110101110111111110110011101101011110111110011100110111001
720,1110101110111111110110011101101011110111110011100110111100
734,1110101110111111110110011101101011110111110011100110111101
603,1110101110111111110110011101101011110111110011101111100110
604,1110101110111111110110011101101011110111110011101111100111
109,11101011101111111101100110000000110101011001111010000111100
113,11101011101111111101100110000000110101011001111010000111101
275,11101011101111111101100111011010111101111100110101000000000
276,11101011101111111101100111011010111101111100110101000000001
350,11101011101111111101100111011010111101111100110101000000100
370,11101011101111111101100111011010111101111100110101000000101
723,11101011101111111101100111011010111101111100111001101110000
744,11101011101111111101100111011010111101111100111001101110001
727,11101011101111111101100111011010111101111100111001101111000
751,11101011101111111101100111011010111101111100111001101111001
601,11101011101111111101100111011010111101111100111011111001100
602,11101011101111111101100111011010111101111100111011111001101
605,11101011101111111101100111011010111101111100111011111001110
696,11101011101111111101100111011010111101111100111011111001111
269,111010111011111111011001110110101111011111001101010000000010
293,111010111011111111011001110110101111011111001101010000000011
371,111010111011111111011001110110101111011111001101010000001010
383,111010111011111111011001110110101111011111001101010000001011
726,111010111011111111011001110110101111011111001110011011100000
743,111010111011111111011001110110101111011111001110011011100001
728,111010111011111111011001110110101111011111001110011011110000
761,111010111011111111011001110110101111011111001110011011110001
595,111010111011111111011001110110101111011111001110111110011100
596,111010111011111111011001110110101111011111001110111110011101
700,111010111011111111011001110110101111011111001110111110011110
707,111010111011111111011001110110101111011111001110111110011111
259,1110101110111111110110011101101011110111110011010100000000100
260,1110101110111111110110011101101011110111110011010100000000101
294,1110101110111111110110011101101011110111110011010100000000110
303,1110101110111111110110011101101011110111110011010100000000111
725,1110101110111111110110011101101011110111110011100110111000000
750,1110101110111111110110011101101011110111110011100110111000001
729,1110101110111111110110011101101011110111110011100110111100000
738,1110101110111111110110011101101011110111110011100110111100001
592,1110101110111111110110011101101011110111110011101111100111010
598,1110101110111111110110011101101011110111110011101111100111011
252,11101011101111111101100111011010111101111100110101000000001010
253,11101011101111111101100111011010111101111100110101000000001011
739,11101011101111111101100111011010111101111100111001101111000010
740,11101011101111111101100111011010111101111100111001101111000011
585,11101011101111111101100111011010111101111100111011111001110100
589,11101011101111111101100111011010111101111100111011111001110101
237,111010111011111111011001110110101111011111001101010000000010100
238,111010111011111111011001110110101111011111001101010000000010101
250,111010111011111111011001110110101111011111001101010000000010110
254,111010111011111111011001110110101111011111001101010000000010111
741,111010111011111111011001110110101111011111001110011011110000110
745,111010111011111111011001110110101111011111001110011011110000111
578,111010111011111111011001110110101111011111001110111110011101000
579,111010111011111111011001110110101111011111001110111110011101001
224,1110101110111111110110011101101011110111110011010100000000101010
225,1110101110111111110110011101101011110111110011010100000000101011
255,1110101110111111110110011101101011110111110011010100000000101110
256,1110101110111111110110011101101011110111110011010100000000101111
748,1110101110111111110110011101101011110111110011100110111100001110
764,1110101110111111110110011101101011110111110011100110111100001111
549,1110101110111111110110011101101011110111110011101111100111010000
550,1110101110111111110110011101101011110111110011101111100111010001
575,1110101110111111110110011101101011110111110011101111100111010010
654,1110101110111111110110011101101011110111110011101111100111010011
247,11101011101111111101100111011010111101111100110101000000001011100
249,11101011101111111101100111011010111101111100110101000000001011101
749,11101011101111111101100111011010111101111100111001101111000011100
752,11101011101111111101100111011010111101111100111001101111000011101
548,11101011101111111101100111011010111101111100111011111001110100000
560,11101011101111111101100111011010111101111100111011111001110100001
570,11101011101111111101100111011010111101111100111011111001110100100
571,11101011101111111101100111011010111101111100111011111001110100101
240,111010111011111111011001110110101111011111001101010000000010111000
241,111010111011111111011001110110101111011111001101010000000010111001
251,111010111011111111011001110110101111011111001101010000000010111010
341,111010111011111111011001110110101111011111001101010000000010111011
753,111010111011111111011001110110101111011111001110011011110000111010
754,111010111011111111011001110110101111011111001110011011110000111011
551,111010111011111111011001110110101111011111001110111110011101001000
552,111010111011111111011001110110101111011111001110111110011101001001
561,111010111011111111011001110110101111011111001110111110011101001010
566,111010111011111111011001110110101111011111001110111110011101001011
233,1110101110111111110110011101101011110111110011010100000000101110010
234,1110101110111111110110011101101011110111110011010100000000101110011
289,1110101110111111110110011101101011110111110011010100000000101110100
309,1110101110111111110110011101101011110111110011010100000000101110101
757,1110101110111111110110011101101011110111110011100110111100001110110
768,1110101110111111110110011101101011110111110011100110111100001110111
521,1110101110111111110110011101101011110111110011101111100111010010100
522,1110101110111111110110011101101011110111110011101111100111010010101
226,11101011101111111101100111011010111101111100110101000000001011100110
230,11101011101111111101100111011010111101111100110101000000001011100111
318,11101011101111111101100111011010111101111100110101000000001011101010
333,11101011101111111101100111011010111101111100110101000000001011101011
758,11101011101111111101100111011010111101111100111001101111000011101100
762,11101011101111111101100111011010111101111100111001101111000011101101
769,11101011101111111101100111011010111101111100111001101111000011101110
784,11101011101111111101100111011010111101111100111001101111000011101111
519,11101011101111111101100111011010111101111100111011111001110100101010
799,11101011101111111101100111011010111101111100111011111001110100101011
231,111010111011111111011001110110101111011111001101010000000010111001110
264,111010111011111111011001110110101111011111001101010000000010111001111
337,111010111011111111011001110110101111011111001101010000000010111010110
338,111010111011111111011001110110101111011111001101010000000010111010111
763,111010111011111111011001110110101111011111001110011011110000111011010
765,111010111011111111011001110110101111011111001110011011110000111011011
520,111010111011111111011001110110101111011111001110111110011101001010110
593,111010111011111111011001110110101111011111001110111110011101001010111
213,1110101110111111110110011101101011110111110011010100000000101110011100
242,1110101110111111110110011101101011110111110011010100000000101110011101
274,1110101110111111110110011101101011110111110011010100000000101110011110
277,1110101110111111110110011101101011110111110011010100000000101110011111
339,1110101110111111110110011101101011110111110011010100000000101110101100
342,1110101110111111110110011101101011110111110011010100000000101110101101
766,1110101110111111110110011101101011110111110011100110111100001110110100
786,1110101110111111110110011101101011110111110011100110111100001110110101
515,1110101110111111110110011101101011110111110011101111100111010010101100
516,1110101110111111110110011101101011110111110011101111100111010010101101
594,1110101110111111110110011101101011110111110011101111100111010010101110
597,1110101110111111110110011101101011110111110011101111100111010010101111
203,11101011101111111101100111011010111101111100110101000000001011100111000
208,11101011101111111101100111011010111101111100110101000000001011100111001
280,11101011101111111101100111011010111101111100110101000000001011100111100
285,11101011101111111101100111011010111101111100110101000000001011100111101
278,11101011101111111101100111011010111101111100110101000000001011100111110
295,11101011101111111101100111011010111101111100110101000000001011100111111
351,11101011101111111101100111011010111101111100110101000000001011101011010
366,11101011101111111101100111011010111101111100110101000000001011101011011
773,11101011101111111101100111011010111101111100111001101111000011101101000
787,11101011101111111101100111011010111101111100111001101111000011101101001
491,11101011101111111101100111011010111101111100111011111001110100101011010
492,11101011101111111101100111011010111101111100111011111001110100101011011
606,11101011101111111101100111011010111101111100111011111001110100101011110
614,11101011101111111101100111011010111101111100111011111001110100101011111
209,111010111011111111011001110110101111011111001101010000000010111001110010
220,111010111011111111011001110110101111011111001101010000000010111001110011
314,111010111011111111011001110110101111011111001101010000000010111001111110
335,111010111011111111011001110110101111011111001101010000000010111001111111
360,111010111011111111011001110110101111011111001101010000000010111010110100
363,111010111011111111011001110110101111011111001101010000000010111010110101
782,111010111011111111011001110110101111011111001110011011110000111011010000
791,111010111011111111011001110110101111011111001110011011110000111011010001
788,111010111011111111011001110110101111011111001110011011110000111011010010
789,111010111011111111011001110110101111011111001110011011110000111011010011
484,111010111011111111011001110110101111011111001110111110011101001010110110
485,111010111011111111011001110110101111011111001110111110011101001010110111
618,111010111011111111011001110110101111011111001110111110011101001010111100
647,111010111011111111011001110110101111011111001110111110011101001010111101
232,1110101110111111110110011101101011110111110011010100000000101110011100110
235,1110101110111111110110011101101011110111110011010100000000101110011100111
315,1110101110111111110110011101101011110111110011010100000000101110011111100
325,1110101110111111110110011101101011110111110011010100000000101110011111101
334,1110101110111111110110011101101011110111110011010100000000101110011111110
340,1110101110111111110110011101101011110111110011010100000000101110011111111
779,1110101110111111110110011101101011110111110011100110111100001110110100000
780,1110101110111111110110011101101011110111110011100110111100001110110100001
480,1110101110111111110110011101101011110111110011101111100111010010101101110
506,1110101110111111110110011101101011110111110011101111100111010010101101111
619,1110101110111111110110011101101011110111110011101111100111010010101111000
651,1110101110111111110110011101101011110111110011101111100111010010101111001
326,11101011101111111101100111011010111101111100110101000000001011100111111010
327,11101011101111111101100111011010111101111100110101000000001011100111111011
781,11101011101111111101100111011010111101111100111001101111000011101101000010
790,11101011101111111101100111011010111101111100111001101111000011101101000011
481,11101011101111111101100111011010111101111100111011111001110100101011011100
482,11101011101111111101100111011010111101111100111011111001110100101011011101
655,11101011101111111101100111011010111101111100111011111001110100101011110010
664,11101011101111111101100111011010111101111100111011111001110100101011110011
774,111010111011111111011001110110101111011111001110011011110000111011010000100
783,111010111011111111011001110110101111011111001110011011110000111011010000101
792,111010111011111111011001110110101111011111001110011011110000111011010000110
793,111010111011111111011001110110101111011111001110011011110000111011010000111
475,111010111011111111011001110110101111011111001110111110011101001010110111010
553,111010111011111111011001110110101111011111001110111110011101001010110111011
687,111010111011111111011001110110101111011111001110111110011101001010111100110
691,111010111011111111011001110110101111011111001110111110011101001010111100111
775,1110101110111111110110011101101011110111110011100110111100001110110100001000
776,1110101110111111110110011101101011110111110011100110111100001110110100001001
794,1110101110111111110110011101101011110111110011100110111100001110110100001110
796,1110101110111111110110011101101011110111110011100110111100001110110100001111
469,1110101110111111110110011101101011110111110011101111100111010010101101110100
470,1110101110111111110110011101101011110111110011101111100111010010101101110101
688,1110101110111111110110011101101011110111110011101111100111010010101111001100
701,1110101110111111110110011101101011110111110011101111100111010010101111001101
690,1110101110111111110110011101101011110111110011101111100111010010101111001110
706,1110101110111111110110011101101011110111110011101111100111010010101111001111
759,11101011101111111101100111011010111101111100111001101111000011101101000010000
760,11101011101111111101100111011010111101111100111001101111000011101101000010001
770,11101011101111111101100111011010111101111100111001101111000011101101000010010
777,11101011101111111101100111011010111101111100111001101111000011101101000010011
462,11101011101111111101100111011010111101111100111011111001110100101011011101010
496,11101011101111111101100111011010111101111100111011111001110100101011011101011
674,11101011101111111101100111011010111101111100111011111001110100101011110011000
676,11101011101111111101100111011010111101111100111011111001110100101011110011001
710,11101011101111111101100111011010111101111100111011111001110100101011110011010
735,11101011101111111101100111011010111101111100111011111001110100101011110011011
708,11101011101111111101100111011010111101111100111011111001110100101011110011110
712,11101011101111111101100111011010111101111100111011111001110100101011110011111
778,111010111011111111011001110110101111011111001110011011110000111011010000100110
795,111010111011111111011001110110101111011111001110011011110000111011010000100111
439,111010111011111111011001110110101111011111001110111110011101001010110111010100
440,111010111011111111011001110110101111011111001110111110011101001010110111010101
497,111010111011111111011001110110101111011111001110111110011101001010110111010110
503,111010111011111111011001110110101111011111001110111110011101001010110111010111
713,111010111011111111011001110110101111011111001110111110011101001010111100110100
714,111010111011111111011001110110101111011111001110111110011101001010111100110101
771,1110101110111111110110011101101011110111110011100110111100001110110100001001100
785,1110101110111111110110011101101011110111110011100110111100001110110100001001101
411,1110101110111111110110011101101011110111110011101111100111010010101101110101000
412,1110101110111111110110011101101011110111110011101111100111010010101101110101001
424,1110101110111111110110011101101011110111110011101111100111010010101101110101010
425,1110101110111111110110011101101011110111110011101111100111010010101101110101011
508,1110101110111111110110011101101011110111110011101111100111010010101101110101110
536,1110101110111111110110011101101011110111110011101111100111010010101101110101111
731,1110101110111111110110011101101011110111110011101111100111010010101111001101000
732,1110101110111111110110011101101011110111110011101111100111010010101111001101001
767,11101011101111111101100111011010111101111100111001101111000011101101000010011000
772,11101011101111111101100111011010111101111100111001101111000011101101000010011001
397,11101011101111111101100111011010111101111100111011111001110100101011011101010000
410,11101011101111111101100111011010111101111100111011111001110100101011011101010001
420,11101011101111111101100111011010111101111100111011111001110100101011011101010110
433,11101011101111111101100111011010111101111100111011111001110100101011011101010111
509,11101011101111111101100111011010111101111100111011111001110100101011011101011100
532,11101011101111111101100111011010111101111100111011111001110100101011011101011101
755,111010111011111111011001110110101111011111001110011011110000111011010000100110000
756,111010111011111111011001110110101111011111001110011011110000111011010000100110001
403,111010111011111111011001110110101111011111001110111110011101001010110111010101100
404,111010111011111111011001110110101111011111001110111110011101001010110111010101101
533,111010111011111111011001110110101111011111001110111110011101001010110111010111010
798,111010111011111111011001110110101111011111001110111110011101001010110111010111011
746,1110101110111111110110011101101011110111110011100110111100001110110100001001100000
747,1110101110111111110110011101101011110111110011100110111100001110110100001001100001
736,1110101110111111110110011101101011110111110011100110111100001110110100001001100010
737,1110101110111111110110011101101011110111110011100110111100001110110100001001100011
388,1110101110111111110110011101101011110111110011101111100111010010101101110101011010
445,1110101110111111110110011101101011110111110011101111100111010010101101110101011011
554,1110101110111111110110011101101011110111110011101111100111010010101101110101110110
572,1110101110111111110110011101101011110111110011101111100111010010101101110101110111
378,11101011101111111101100111011010111101111100111011111001110100101011011101010110100
379,11101011101111111101100111011010111101111100111011111001110100101011011101010110101
555,11101011101111111101100111011010111101111100111011111001110100101011011101011101100
586,11101011101111111101100111011010111101111100111011111001110100101011011101011101101
582,11101011101111111101100111011010111101111100111011111001110100101011011101011101110
599,11101011101111111101100111011010111101111100111011111001110100101011011101011101111
375,111010111011111111011001110110101111011111001110111110011101001010110111010101101010
380,111010111011111111011001110110101111011111001110111110011101001010110111010101101011
523,111010111011111111011001110110101111011111001110111110011101001010110111010111011000
544,111010111011111111011001110110101111011111001110111110011101001010110111010111011001
607,111010111011111111011001110110101111011111001110111110011101001010110111010111011010
626,111010111011111111011001110110101111011111001110111110011101001010110111010111011011
376,1110101110111111110110011101101011110111110011101111100111010010101101110101011010100
398,1110101110111111110110011101101011110111110011101111100111010010101101110101011010101
524,1110101110111111110110011101101011110111110011101111100111010010101101110101110110000
810,1110101110111111110110011101101011110111110011101111100111010010101101110101110110001
610,1110101110111111110110011101101011110111110011101111100111010010101101110101110110100
673,1110101110111111110110011101101011110111110011101111100111010010101101110101110110101
625,1110101110111111110110011101101011110111110011101111100111010010101101110101110110110
627,1110101110111111110110011101101011110111110011101111100111010010101101110101110110111
361,11101011101111111101100111011010111101111100111011111001110100101011011101010110101000
362,11101011101111111101100111011010111101111100111011111001110100101011011101010110101001
399,11101011101111111101100111011010111101111100111011111001110100101011011101010110101010
436,11101011101111111101100111011010111101111100111011111001110100101011011101010110101011
525,11101011101111111101100111011010111101111100111011111001110100101011011101011101100010
534,11101011101111111101100111011010111101111100111011111001110100101011011101011101100011
615,11101011101111111101100111011010111101111100111011111001110100101011011101011101101000
665,11101011101111111101100111011010111101111100111011111001110100101011011101011101101001
672,11101011101111111101100111011010111101111100111011111001110100101011011101011101101010
677,11101011101111111101100111011010111101111100111011111001110100101011011101011101101011
405,111010111011111111011001110110101111011111001110111110011101001010110111010101101010100
413,111010111011111111011001110110101111011111001110111110011101001010110111010101101010101
446,111010111011111111011001110110101111011111001110111110011101001010110111010101101010110
447,111010111011111111011001110110101111011111001110111110011101001010110111010101101010111
510,111010111011111111011001110110101111011111001110111110011101001010110111010111011000100
545,111010111011111111011001110110101111011111001110111110011101001010110111010111011000101
620,111010111011111111011001110110101111011111001110111110011101001010110111010111011010000
652,111010111011111111011001110110101111011111001110111110011101001010110111010111011010001
455,1110101110111111110110011101101011110111110011101111100111010010101101110101011010101010
797,1110101110111111110110011101101011110111110011101111100111010010101101110101011010101011
486,1110101110111111110110011101101011110111110011101111100111010010101101110101110110001000
487,1110101110111111110110011101101011110111110011101111100111010010101101110101110110001001
546,1110101110111111110110011101101011110111110011101111100111010010101101110101110110001010
573,1110101110111111110110011101101011110111110011101111100111010010101101110101110110001011
616,1110101110111111110110011101101011110111110011101111100111010010101101110101110110100000
630,1110101110111111110110011101101011110111110011101111100111010010101101110101110110100001
414,11101011101111111101100111011010111101111100111011111001110100101011011101010110101010110
437,11101011101111111101100111011010111101111100111011111001110100101011011101010110101010111
465,11101011101111111101100111011010111101111100111011111001110100101011011101011101100010010
466,11101011101111111101100111011010111101111100111011111001110100101011011101011101100010011
567,11101011101111111101100111011010111101111100111011111001110100101011011101011101101000000
568,11101011101111111101100111011010111101111100111011111001110100101011011101011101101000001
631,11101011101111111101100111011010111101111100111011111001110100101011011101011101101000010
679,11101011101111111101100111011010111101111100111011111001110100101011011101011101101000011
537,111010111011111111011001110110101111011111001110111110011101001010110111010111011010000010
541,111010111011111111011001110110101111011111001110111110011101001010110111010111011010000011
621,111010111011111111011001110110101111011111001110111110011101001010110111010111011010000100
659,111010111011111111011001110110101111011111001110111110011101001010110111010111011010000101
498,1110101110111111110110011101101011110111110011101111100111010010101101110101110110100000100
499,1110101110111111110110011101101011110111110011101111100111010010101101110101110110100000101
483,11101011101111111101100111011010111101111100111011111001110100101011011101011101101000001010
500,11101011101111111101100111011010111101111100111011111001110100101011011101011101101000001011
471,111010111011111111011001110110101111011111001110111110011101001010110111010111011010000010100
472,111010111011111111011001110110101111011111001110111110011101001010110111010111011010000010101
456,1110101110111111110110011101101011110111110011101111100111010010101101110101110110100000101010
457,1110101110111111110110011101101011110111110011101111100111010010101101110101110110100000101011
463,11101011101111111101100111011010111101111100111011111001110100101011011101011101101000001010110
493,11101011101111111101100111011010111101111100111011111001110100101011011101011101101000001010111
